
Ti_2D_IDL = [0.000000 15.6435 44.0881 103.202 117.314 87.6983 64.5876 51.6338 44.2840 41.1510 40.7808...
    41.4977 42.5764 45.1524 50.7888 58.1569 63.7281 66.8826 66.9546 57.8098 48.0666 41.2043...
    36.8993 36.7575 40.2515 43.3648 41.7922 35.2565 27.1053 20.8137 19.0903 22.6495 28.8918...
    33.4212 34.5891 34.5891 34.5891 34.5891 34.5891 34.5891    -0.000000
    51.4448 50.2541 48.4635 46.4517 45.0650 44.6945 45.7798 49.9177 58.9220 70.0685 79.5668...
    84.7408 80.0232 56.5291 30.7145 23.8003 27.2376 33.7595 40.4356 46.0350 48.0825 47.9022...
    47.6067 47.0417 45.7926 43.7109 40.8628 36.8406 33.1916 33.0130 36.8503 41.3632 43.1529...
    43.1229 43.0257 43.0257 43.0257 43.0257 43.0257 43.0257    -0.000000
    46.2079 53.9978 66.6820 83.3447 98.0751 100.722 90.4836 76.0556 64.5124 57.5233 53.3630...
    51.5620 53.2033 58.9146 65.5531 67.0273 63.5044 59.1795 54.2764 48.3370 44.0490 44.5513...
    47.2517 47.1381 43.4652 38.4723 34.3026 31.2274 29.2050 28.4977 29.2253 31.0422 32.6869...
    33.6008 33.8356 33.8356 33.8356 33.8356 33.8356 33.8356    -0.000000
    139.933 108.451 74.3261 52.4782 47.5568 52.9156 55.6611 50.1356 42.4482 36.8397 33.5905...
    32.3046 33.4090 37.1828 41.6855 44.0817 44.7133 44.8820 44.7319 44.3742 43.8890 42.3536...
    38.7067 33.9658 30.0496 27.7845 27.0716 27.6259 29.0898 30.9798 32.5397 33.3363 33.5448...
    33.5448 33.5448 33.5448 33.5448 33.5448 33.5448 33.5448    -0.000000
    74.7778 66.9533 50.5984 47.6055 54.4665 59.8851 56.0206 46.8626 40.5829 39.2236 40.0382...
    42.6386 46.3259 50.4389 54.5287 57.3164 55.3480 48.7980 44.2091 42.0270 39.5574 36.2156...
    33.5524 31.5424 29.0413 25.9719 23.7153 23.9371 26.6806 29.3291 29.6464 28.6540 27.6855...
    27.0796 26.9404 26.9404 26.9404 26.9404 26.9404 26.9404    -0.000000
    31.0917 26.7127 22.0753 19.3358 20.7394 27.5585 38.4542 51.4066 63.3686 70.1971 68.9047...
    61.2703 52.2846 44.7573 39.5169 35.9604 33.7127 32.9073 33.4180 34.6037 35.0568 34.3193...
    32.3426 29.9338 29.0855 30.7541 33.8663 36.4526 36.5627 34.6182 33.8717 37.6351 45.5788...
    51.6930 53.2799 53.2799 53.2799 53.2799 53.2799 53.2799    -0.000000
    46.8956 45.7412 42.0425 39.2911 49.1476 63.8673 67.8755 65.7987 62.6651 58.3470 52.4378...
    45.6544 38.2002 31.3903 27.7402 28.1205 30.4575 32.2821 32.8241 31.8894 29.3405 27.9026...
    30.3040 33.4627 34.8056 34.3916 33.0631 32.4308 33.2451 34.7009 36.3061 37.9855 38.6804...
    38.1696 37.9239 37.9239 37.9239 37.9239 37.9239 37.9239    -0.000000
    0.000000 47.4232 114.101 107.463 80.5910 72.4694 76.6503 83.0701 81.7272 65.9567 45.2065...
    33.9579 31.2372 31.7934 33.1564 35.9934 41.4816 47.3639 45.4960 33.7881 23.0690 18.6335...
    20.2417 27.4814 34.3668 30.2800 24.1879 22.8918 25.0537 28.5398 31.7368 33.9591 34.9171...
    35.0891 35.1054 35.1054 35.1054 35.1054 35.1054 35.1054    -0.000000
    67.5063 64.2352 53.9258 46.6887 48.1933 49.3895 43.3633 38.2893 37.9499 41.8684 46.3213...
    47.3219 48.2656 54.2697 64.7507 68.8101 55.7443 37.2127 28.2688 30.9136 40.6077 41.9881...
    34.7682 32.1936 39.4966 48.5084 45.1232 37.4699 31.5615 27.8166 26.0161 25.8915 26.5422...
    27.0721 27.2629 27.2629 27.2629 27.2629 27.2629 27.2629    -0.000000
    60.2234 69.2730 76.7755 78.8064 71.3139 54.0606 39.7405 33.6336 33.0298 35.3743 38.3373...
    39.7856 40.6787 41.3568 37.9708 31.5385 30.5202 31.3031 26.7852 24.4077 25.2519 30.8606...
    44.8393 54.7495 42.0812 27.0075 21.2190 23.7458 29.8369 34.4264 36.4543 39.0600 43.2781...
    46.4451 47.4455 47.4455 47.4455 47.4455 47.4455 47.4455    -0.000000
    86.8409 91.7581 89.8377 78.2150 63.5327 51.4566 44.1911 43.6034 50.2596 57.9566 59.2792...
    53.6788 45.8028 41.0528 40.8915 42.7434 41.7417 37.2356 33.4926 32.2375 33.4722 37.3662...
    43.3240 46.8025 43.0775 36.7174 31.8772 28.2961 25.8633 24.6780 24.3385 24.3385 24.3385...
    24.3385 24.3385 24.3385 24.3385 24.3386 24.3385 24.3385    -0.000000
    79.3198 99.1833 132.289 165.325 179.155 182.738 191.979 194.199 174.643 152.129 139.154...
    130.181 115.368 92.2761 71.2313 60.6390 55.0951 46.1030 35.5265 31.2459 30.5481 25.1380...
    19.8275 17.6064 17.2392 18.0345 19.9293 22.0028 23.2812 24.9467 27.3924 29.6866 31.0052...
    31.4926 31.6026 31.6026 31.6026 31.6026 31.6026 31.6026    -0.000000
    76.2049 89.4130 109.453 137.832 175.438 210.294 215.039 187.682 152.407 133.917 137.893...
    160.258 191.894 222.308 236.733 222.616 189.086 153.701 125.465 103.462 84.3503 66.2929...
    52.1001 44.2583 40.4150 38.2411 37.9001 38.2509 33.7824 27.3344 26.8279 31.0078 35.1058...
    37.1735 37.6203 37.6203 37.6203 37.6203 37.6203 37.6203    -0.000000
    48.3640 59.6850 73.0071 83.2528 86.2259 79.3739 66.5974 56.1059 50.3171 50.3947 58.6910...
    80.7076 113.182 128.090 118.981 107.338 102.746 101.519 97.4409 89.1075 81.7267 81.4856...
    86.5489 91.1971 90.0277 79.9390 62.9765 42.1950 23.3045 16.3824 23.5347 32.4773 34.6675...
    34.5195 34.5383 34.5383 34.5383 34.5383 34.5383 34.5383    -0.000000
    168.028 155.504 111.411 35.8519 7.99458 91.9747 62.7619 25.8643 31.6703 60.9358 70.6992...
    62.1317 59.0943 59.3767 53.0208 37.3898 26.5904 28.9832 40.1694 36.7299 24.5740 17.5026...
    13.1046 8.57252 2.07033 1.01743 0.713243 3.06692 18.0988 52.9974 56.0914 43.5527 36.9781...
    34.4800 34.0050 34.0050 34.0050 34.0050 34.0050 34.0050    -0.000000
    60.4516 75.8696 92.4655 100.275 88.9227 64.7943 53.2789 65.2612 85.6234 100.208 105.033...
    99.5329 85.4298 68.6056 55.6443 49.0909 49.5408 56.5848 66.8575 86.9247 148.185 237.358...
    320.368 207.559 10.6944 21.1808 27.2154 3.68886 4.03750 28.9139 32.4688 32.3794 32.1116...
    31.9890 31.9631 31.9631 31.9631 31.9631 31.9631 31.9631    -0.000000
    74.7751 94.1806 127.760 160.882 163.077 147.366 134.984 125.202 113.747 106.739 112.697...
    132.078 152.572 162.414 161.161 151.408 130.911 96.6215 62.3736 38.9432 21.1628 8.28104...
    7.67095 17.7290 25.4590 27.9815 27.8810 25.4913 12.6356 293.828 13.2293 23.5600 26.6430...
    27.7425 27.9718 27.9718 27.9718 27.9718 27.9718 27.9718    -0.000000
    23.3599 45.7045 105.607 143.493 93.5330 60.7733 55.0474 59.0134 57.2883 46.0952 36.1560...
    32.7473 33.2892 34.1202 33.8827 33.2779 32.9877 32.7663 32.0208 29.5917 24.7739 17.7791...
    12.3304 13.8017 24.9310 42.7822 46.2719 35.1843 28.4026 27.9879 30.8728 33.8261 34.2675...
    33.4285 33.1726 33.1726 33.1726 33.1726 33.1726 33.1726    -0.000000];

